9 0.6682692307692307 0.6105769230769231 0.021634615384615384 0.028846153846153848
1 0.6189903846153846 0.6081730769230769 0.02403846153846154 0.026442307692307692
9 0.5673076923076923 0.6057692307692307 0.026442307692307692 0.02403846153846154
9 0.5192307692307693 0.6045673076923077 0.021634615384615384 0.02403846153846154
8 0.4723557692307692 0.6057692307692307 0.021634615384615384 0.02403846153846154
8 0.4266826923076923 0.6033653846153846 0.021634615384615384 0.02403846153846154
0 0.38100961538461536 0.6033653846153846 0.021634615384615384 0.02403846153846154
0 0.33533653846153844 0.6057692307692307 0.021634615384615384 0.02403846153846154
0 0.6730769230769231 0.6418269230769231 0.019230769230769232 0.021634615384615384
2 0.6225961538461539 0.640625 0.026442307692307692 0.02403846153846154
0 0.5276442307692307 0.6370192307692307 0.026442307692307692 0.02403846153846154
0 0.5745192307692307 0.6418269230769231 0.02403846153846154 0.02403846153846154
7 0.47596153846153844 0.6370192307692307 0.02403846153846154 0.02403846153846154
9 0.4338942307692308 0.6358173076923077 0.021634615384615384 0.026442307692307692
1 0.3918269230769231 0.6346153846153846 0.02403846153846154 0.026442307692307692
1 0.3485576923076923 0.6346153846153846 0.026442307692307692 0.021634615384615384