9 0.6742788461538461 0.6021634615384616 0.021634615384615384 0.028846153846153848
1 0.625 0.6021634615384616 0.02403846153846154 0.02403846153846154
9 0.5733173076923077 0.6021634615384616 0.026442307692307692 0.02403846153846154
9 0.5240384615384616 0.6033653846153846 0.021634615384615384 0.021634615384615384
8 0.47716346153846156 0.6069711538461539 0.021634615384615384 0.02403846153846154
8 0.43149038461538464 0.6069711538461539 0.021634615384615384 0.02403846153846154
0 0.3858173076923077 0.609375 0.021634615384615384 0.02403846153846154
0 0.3401442307692308 0.6141826923076923 0.021634615384615384 0.02403846153846154
0 0.6802884615384616 0.6334134615384616 0.016826923076923076 0.021634615384615384
2 0.6298076923076923 0.6346153846153846 0.02403846153846154 0.02403846153846154
0 0.5348557692307693 0.6358173076923077 0.02403846153846154 0.02403846153846154
0 0.5817307692307693 0.6370192307692307 0.02403846153846154 0.02403846153846154
7 0.4831730769230769 0.6382211538461539 0.021634615384615384 0.02403846153846154
9 0.4411057692307692 0.6394230769230769 0.021634615384615384 0.026442307692307692
1 0.39903846153846156 0.640625 0.02403846153846154 0.026442307692307692
1 0.3557692307692308 0.6430288461538461 0.02403846153846154 0.021634615384615384