9 0.6622596153846154 0.6189903846153846 0.02403846153846154 0.028846153846153848
1 0.6129807692307693 0.6141826923076923 0.026442307692307692 0.026442307692307692
9 0.5612980769230769 0.609375 0.028846153846153848 0.026442307692307692
9 0.5132211538461539 0.6057692307692307 0.02403846153846154 0.02403846153846154
8 0.46634615384615385 0.6033653846153846 0.02403846153846154 0.02403846153846154
8 0.4206730769230769 0.5997596153846154 0.02403846153846154 0.02403846153846154
0 0.375 0.5973557692307693 0.02403846153846154 0.02403846153846154
0 0.3293269230769231 0.5961538461538461 0.02403846153846154 0.02403846153846154
0 0.6658653846153846 0.6514423076923077 0.019230769230769232 0.021634615384615384
2 0.6153846153846154 0.6478365384615384 0.026442307692307692 0.026442307692307692
0 0.5204326923076923 0.6382211538461539 0.026442307692307692 0.026442307692307692
0 0.5673076923076923 0.6454326923076923 0.026442307692307692 0.026442307692307692
7 0.46875 0.6358173076923077 0.02403846153846154 0.026442307692307692
9 0.4266826923076923 0.6322115384615384 0.02403846153846154 0.026442307692307692
1 0.38461538461538464 0.6286057692307693 0.026442307692307692 0.028846153846153848
1 0.34134615384615385 0.6274038461538461 0.026442307692307692 0.02403846153846154